0.500660 10057.886520 23.205513s -100 100 0 100000 0.500000 0
0.540000 8847.980000 0.019398s -100 100 0 100 0.500000 0
0.473000 9615.102000 0.221734s -100 100 0 1000 0.500000 0
0.500000 11398.000000 0.002447s -100 100 0 10 0.500000 0
0.500200 10072.122800 2.610770s -100 100 0 10000 0.500000 0
0.500090 10058.178760 22.367659s -100 100 0 100000 0.500000 1
0.510000 10092.420000 0.025144s -100 100 0 100 0.500000 1
0.523000 9913.710000 0.219978s -100 100 0 1000 0.500000 1
0.400000 7367.800000 0.001751s -100 100 0 10 0.500000 1
0.498900 9978.837600 2.162913s -100 100 0 10000 0.500000 1
0.500180 10007.609340 12.777262s -100 100 0 100000 0.500000 2
0.510000 10438.500000 0.017187s -100 100 0 100 0.500000 2
0.506000 10002.400000 0.140663s -100 100 0 1000 0.500000 2
0.800000 9881.800000 0.001162s -100 100 0 10 0.500000 2
0.497500 10014.545600 1.289389s -100 100 0 10000 0.500000 2
0.500160 10027.702500 9.683846s -100 100 0 100000 0.500000 4
0.440000 9383.880000 0.015988s -100 100 0 100 0.500000 4
0.476000 9872.662000 0.115279s -100 100 0 1000 0.500000 4
0.400000 8042.000000 0.009644s -100 100 0 10 0.500000 4
0.498900 9999.769600 0.965109s -100 100 0 10000 0.500000 4
0.499910 10037.006380 9.789768s -100 100 0 100000 0.500000 8
0.550000 9143.560000 0.011003s -100 100 0 100 0.500000 8
0.521000 10195.284000 0.121233s -100 100 0 1000 0.500000 8
0.700000 6845.600000 0.005652s -100 100 0 10 0.500000 8
0.496700 10144.346600 1.047112s -100 100 0 10000 0.500000 8
0.497870 10037.448620 10.169056s -100 100 0 100000 0.500000 16
0.410000 10741.460000 0.014981s -100 100 0 100 0.500000 16
0.455000 10169.812000 0.136554s -100 100 0 1000 0.500000 16
0.600000 9051.400000 0.010981s -100 100 0 10 0.500000 16
0.498700 9917.577000 1.089990s -100 100 0 10000 0.500000 16
