10 2 2 100 10 0.250000 0.250000 0.250000 0.250000 0.000058s
10 2 2 100 10 0.250000 0.250000 0.250000 0.250000 0.000057s
10 2 2 100 10 0.250000 0.250000 0.250000 0.250000 0.000055s
10 2 2 100 10 0.250000 0.250000 0.250000 0.250000 0.000102s
10 2 2 100 10 0.250000 0.250000 0.250000 0.250000 0.000089s
10 2 2 100 10 0.250000 0.250000 0.250000 0.250000 0.000100s
10 2 2 100 10 0.250000 0.250000 0.250000 0.250000 0.000095s
10 2 2 100 10 0.250000 0.250000 0.250000 0.250000 0.000059s
10 2 2 100 10 0.250000 0.250000 0.250000 0.250000 0.040892s
10 2 2 100 10 0.250000 0.250000 0.250000 0.250000 0.040980s
10 2 2 100 10 0.250000 0.250000 0.250000 0.250000 0.040999s
10 2 2 100 10 0.250000 0.250000 0.250000 0.250000 0.041271s
10 2 2 100 10 0.250000 0.250000 0.250000 0.250000 0.000127s
10 2 2 100 10 0.250000 0.250000 0.250000 0.250000 0.000561s
10 2 2 100 10 0.250000 0.250000 0.250000 0.250000 0.000781s
10 2 2 100 10 0.250000 0.250000 0.250000 0.250000 0.000349s
10 2 2 100 10 0.250000 0.250000 0.250000 0.250000 0.000249s
10 2 2 100 10 0.250000 0.250000 0.250000 0.250000 0.000511s
10 2 2 100 10 0.250000 0.250000 0.250000 0.250000 0.000512s
10 2 2 100 10 0.250000 0.250000 0.250000 0.250000 0.000620s
10 2 2 100 10 0.250000 0.250000 0.250000 0.250000 0.000108s
10 2 2 100 10 0.250000 0.250000 0.250000 0.250000 0.000470s
10 2 2 100 10 0.250000 0.250000 0.250000 0.250000 0.000570s
10 2 2 100 10 0.250000 0.250000 0.250000 0.250000 0.000557s
10 2 2 100 10 0.250000 0.250000 0.250000 0.250000 0.000473s
10 2 2 100 10 0.250000 0.250000 0.250000 0.250000 0.000473s
10 2 2 100 10 0.250000 0.250000 0.250000 0.250000 0.000603s
10 2 2 100 10 0.250000 0.250000 0.250000 0.250000 0.000520s
10 2 2 100 10 0.250000 0.250000 0.250000 0.250000 24.238967s
10 2 2 100 10 0.250000 0.250000 0.250000 0.250000 0.000450s
10 2 2 100 10 0.250000 0.250000 0.250000 0.250000 0.000243s
10 2 2 100 10 0.250000 0.250000 0.250000 0.250000 0.000363s
10 2 2 100 10 0.250000 0.250000 0.250000 0.250000 0.000444s
10 2 2 100 10 0.250000 0.250000 0.250000 0.250000 0.000276s
10 2 2 100 10 0.250000 0.250000 0.250000 0.250000 0.000189s
10 2 2 100 10 0.250000 0.250000 0.250000 0.250000 0.000390s
10 2 2 100 10 0.250000 0.250000 0.250000 0.250000 0.000403s
10 2 2 100 10 0.250000 0.250000 0.250000 0.250000 0.005582s
10 2 2 100 10 0.250000 0.250000 0.250000 0.250000 0.001858s
10 2 2 100 10 0.250000 0.250000 0.250000 0.250000 0.026211s
10 2 2 100 10 0.250000 0.250000 0.250000 0.250000 0.024483s
10 2 2 100 10 0.250000 0.250000 0.250000 0.250000 0.047899s
10 2 2 100 10 0.250000 0.250000 0.250000 0.250000 0.002760s
10 2 2 100 10 0.250000 0.250000 0.250000 0.250000 0.016675s
10 2 2 100 10 0.250000 0.250000 0.250000 0.250000 0.002897s
10 2 2 100 10 0.250000 0.250000 0.250000 0.250000 0.011889s
10 2 2 100 10 0.250000 0.250000 0.250000 0.250000 0.010112s
10 2 2 100 10 0.250000 0.250000 0.250000 0.250000 0.006366s
10 2 2 100 10 0.250000 0.250000 0.250000 0.250000 0.010239s
10 2 2 100 10 0.250000 0.250000 0.250000 0.250000 0.009683s
10 2 2 100 10 0.250000 0.250000 0.250000 0.250000 0.011547s
10 2 2 100 10 0.250000 0.250000 0.250000 0.250000 0.002569s
10 2 2 100 10 0.250000 0.250000 0.250000 0.250000 0.003807s
10 2 2 100 10 0.250000 0.250000 0.250000 0.250000 0.004622s
0: 7
1: 14
2: 13
3: 6
10 2 2 100 10 0.250000 0.250000 0.250000 0.250000 0.002722s
0: 6
1: 11
2: 10
3: 13
10 2 2 100 10 0.250000 0.250000 0.250000 0.250000 0.000569s
0: 7
1: 9
2: 16
3: 8
10 2 2 100 10 0.250000 0.250000 0.250000 0.250000 0.000511s
0: 10
1: 9
2: 14
3: 7
10 2 2 100 10 0.250000 0.250000 0.250000 0.250000 0.000338s
0: 6
1: 11
2: 15
3: 8
10 2 2 100 10 0.250000 0.250000 0.250000 0.250000 0.000524s
0: 9
1: 12
2: 7
3: 12
10 2 2 100 10 0.250000 0.250000 0.250000 0.250000 0.005376s
0: 9
1: 10
2: 11
3: 10
10 2 2 100 10 0.250000 0.250000 0.250000 0.250000 0.000499s
0: 9
1: 10
2: 11
3: 10
10 2 2 100 10 0.250000 0.250000 0.250000 0.250000 0.000566s
0: 10
1: 10
2: 9
3: 11
10 2 2 100 10 0.250000 0.250000 0.250000 0.250000 0.000270s
0: 11
1: 11
2: 7
3: 11
10 2 2 100 10 0.250000 0.250000 0.250000 0.250000 0.000507s
0: 9
1: 9
2: 11
3: 11
10 2 2 100 10 0.250000 0.250000 0.250000 0.250000 0.000259s
0: 10
1: 9
2: 11
3: 10
10 2 2 100 10 0.250000 0.250000 0.250000 0.250000 0.000564s
0: 6
1: 10
2: 14
3: 10
10 2 2 100 10 0.250000 0.250000 0.250000 0.250000 0.000500s
0: 9
1: 9
2: 13
3: 9
10 2 2 100 10 0.250000 0.250000 0.250000 0.250000 0.000609s
0: 8
1: 7
2: 12
3: 13
10 2 2 100 10 0.250000 0.250000 0.250000 0.250000 0.005719s
0: 10
1: 8
2: 12
3: 10
10 2 2 100 10 0.250000 0.250000 0.250000 0.250000 0.000449s
0: 11
1: 10
2: 12
3: 7
10 2 2 100 10 0.250000 0.250000 0.250000 0.250000 0.000679s
0: 10
1: 7
2: 12
3: 11
10 2 2 100 10 0.250000 0.250000 0.250000 0.250000 0.162817s
0: 12
1: 14
2: 7
3: 7
10 2 2 100 10 0.250000 0.250000 0.250000 0.250000 0.166282s
0: 8
1: 13
2: 12
3: 7
10 2 2 100 10 0.250000 0.250000 0.250000 0.250000 0.193586s
0: 9
1: 12
2: 8
3: 11
10 2 2 100 10 0.250000 0.250000 0.250000 0.250000 0.238124s
0: 10
1: 11
2: 11
3: 8
100 2 2 10000 10 0.250000 0.250000 0.250000 0.250000 1.456327s
0: 10
1: 12
2: 11
3: 7
1000 2 2 10000 10 0.250000 0.250000 0.250000 0.250000 0.025278s
0: 11
1: 9
2: 10
3: 10
1000 2 2 10000 10 0.250000 0.250000 0.250000 0.250000 0.021948s
0: 9
1: 11
2: 11
3: 9
100 2 2 10000 1000 0.250000 0.250000 0.250000 0.250000 0.624079s
0: 1029
1: 1021
2: 969
3: 981
100 2 2 10000 1000 0.250000 0.250000 0.250000 0.250000 0.629902s
0: 1015
1: 1043
2: 946
3: 996
100 2 2 10000 1000 0.250000 0.250000 0.250000 0.250000 0.628305s
0: 964
1: 963
2: 1059
3: 1014
100 2 2 10000 1000 0.250000 0.250000 0.250000 0.250000 0.485789s
0: 968
1: 982
2: 1037
3: 1013
100 2 2 100000 1000 0.250000 0.250000 0.250000 0.250000 4.907364s
0: 1011
1: 989
2: 968
3: 1032
100 2 2 100000 1000 0.250000 0.250000 0.250000 0.250000 5.181720s
0: 996
1: 998
2: 990
3: 1016
100 2 2 100000 1000 0.250000 0.250000 0.250000 0.250000 6.598747s
0: 1015
1: 933
2: 1018
3: 1034
100 3 3 10000 1000 0.250000 0.250000 0.250000 0.250000 1.539102s
0: 935
1: 1052
2: 995
3: 1006
4: 1035
5: 1033
6: 997
7: 978
8: 969
100 2 2 10000 1000 0.250000 0.250000 0.250000 0.250000 0.614339s
0: 1021
1: 1023
2: 956
3: 1000
100 2 2 10000 1000 0.250000 0.250000 0.250000 0.250000 0.491753s
0: 1015
1: 1005
2: 986
3: 994
100 2 2 10000 1000 0.250000 0.250000 0.250000 0.250000 0.491880s
0: 1003
1: 1030
2: 990
3: 977
100 2 2 10000 1000 0.250000 0.250000 0.250000 0.250000 0.657600s
0: 1007
1: 1003
2: 1003
3: 987
100 2 2 10000 1000 0.250000 0.250000 0.250000 0.250000 0.525920s
0: 987
1: 986
2: 1015
3: 1012
100 3 3 10000 1000 0.250000 0.250000 0.250000 0.250000 1.426010s
0: 973
1: 987
2: 998
3: 1000
4: 986
5: 1018
6: 958
7: 1057
8: 1023
100 4 4 10000 1000 0.250000 0.250000 0.250000 0.250000 2.693302s
0: 994
1: 998
2: 991
3: 992
4: 991
5: 964
6: 1029
7: 1018
8: 952
9: 1002
10: 1045
11: 1058
12: 983
13: 973
14: 1011
15: 999
100 4 3 10000 1000 0.250000 0.250000 0.250000 0.250000 2.002554s
0: 1018
1: 972
2: 1010
3: 1010
4: 993
5: 1040
6: 993
7: 975
8: 1005
9: 994
10: 1005
11: 985
100 3 4 10000 1000 0.250000 0.250000 0.250000 0.250000 1.568214s
0: 985
1: 980
2: 1066
3: 1023
4: 956
5: 912
6: 1018
7: 996
8: 1082
9: 969
10: 1026
11: 987
10 2 2 100 10 0.250000 0.250000 0.250000 0.250000 0.018836s
0: 11
1: 12
2: 12
3: 5
100 2 2 150 1000 0.250000 0.250000 0.250000 0.250000 0.007752s
0: 989
1: 1019
2: 1008
3: 984
100 2 2 150 1000 0.000000 0.500000 0.250000 0.250000 0.007741s
0: 996
1: 1013
2: 1013
3: 978
100 2 2 150 1000 0.000000 0.500000 0.500000 0.000000 0.006667s
0: 1040
1: 999
2: 990
3: 971
100 3 2 150 1000 0.250000 0.250000 0.250000 0.250000 0.018845s
0: 998
1: 1005
2: 990
3: 1009
4: 991
5: 1007
100 3 2 150 1000 0.000000 0.000000 0.000000 1.000000 0.012582s
0: 1000
1: 1000
2: 1000
3: 1000
4: 1000
5: 1000
100 3 2 150 1000 0.000000 0.000000 0.000000 1.000000 0.014468s
0: 1000
1: 1000
2: 1000
3: 1000
4: 1000
5: 1000
100 3 2 150 1000 0.000000 0.000000 0.000000 1.000000 0.018411s
0: 1000
1: 1000
2: 1000
3: 1000
4: 1000
5: 1000
100 3 2 150 1000 0.000000 0.000000 0.000000 1.000000 0.012471s
0: 1000
1: 1000
2: 1000
3: 1000
4: 1000
5: 1000
100 3 2 150 1000 0.000000 0.000000 0.000000 1.000000 0.012140s
0: 1000
1: 1000
2: 1000
3: 1000
4: 1000
5: 1000
100 3 2 150 1000 0.000000 0.000000 0.000000 1.000000 0.012577s
0: 1000
1: 1000
2: 1000
3: 1000
4: 1000
5: 1000
100 3 2 150 1000 0.000000 0.000000 0.000000 1.000000 0.022121s
0: 1000
1: 1000
2: 1000
3: 1000
4: 1000
5: 1000
100 2 2 150 1000 0.000000 0.000000 0.000000 1.000000 0.006444s
0: 1000
1: 1000
2: 1000
3: 1000
100 2 2 150 1000 0.000000 0.000000 0.000000 1.000000 0.006111s
0: 1000
1: 1000
2: 1000
3: 1000
10 2 2 100 10 0.250000 0.250000 0.250000 0.250000 0.123959s
0: 10
1: 14
2: 8
3: 8
10 2 2 100 10 0.250000 0.250000 0.250000 0.250000 0.003327s
0: 10
1: 9
2: 11
3: 10
10 2 2 100 10 0.250000 0.250000 0.250000 0.250000 0.006025s
0: 11
1: 9
2: 10
3: 10
10 2 2 100 10 0.250000 0.250000 0.250000 0.250000 0.003509s
0: 10
1: 11
2: 13
3: 6
10 3 3 100 10 0.250000 0.250000 0.250000 0.250000 0.159418s
0: 10
1: 9
2: 6
3: 13
4: 9
5: 9
6: 10
7: 12
8: 12
10 3 3 100 10 0.250000 0.250000 0.250000 0.250000 0.259172s
0: 10
1: 11
2: 7
3: 6
4: 10
5: 12
6: 12
7: 15
8: 7
10 2 2 100 10 0.250000 0.250000 0.250000 0.250000 0.005174s
0: 10
1: 10
2: 12
3: 8
10 2 2 100 10 0.250000 0.250000 0.250000 0.250000 0.003498s
0: 10
1: 11
2: 7
3: 12
10 2 2 100 10 0.250000 0.250000 0.250000 0.250000 0.004354s
0: 12
1: 6
2: 13
3: 9
10 2 2 100 10 0.250000 0.250000 0.250000 0.250000 0.003247s
0: 13
1: 7
2: 9
3: 11
10 3 3 100 10 0.250000 0.250000 0.250000 0.250000 0.164433s
0: 9
1: 10
2: 10
3: 12
4: 9
5: 12
6: 8
7: 9
8: 11
10 2 2 100 10 0.250000 0.250000 0.250000 0.250000 0.003218s
0: 14
1: 8
2: 8
3: 10
10 2 2 100 10 0.250000 0.250000 0.250000 0.250000 0.003225s
0: 8
1: 12
2: 12
3: 8
10 2 2 100 10 0.250000 0.250000 0.250000 0.250000 0.003462s
0: 8
1: 12
2: 5
3: 15
10 3 3 100 10 0.250000 0.250000 0.250000 0.250000 0.092542s
0: 12
1: 9
2: 13
3: 7
4: 6
5: 13
6: 9
7: 13
8: 8
10 3 3 100 10 0.250000 0.250000 0.250000 0.250000 0.151428s
0: 6
1: 14
2: 8
3: 11
4: 11
5: 9
6: 12
7: 9
8: 10
10 3 3 100 10 0.250000 0.250000 0.250000 0.250000 0.158832s
0: 13
1: 10
2: 9
3: 10
4: 8
5: 11
6: 8
7: 8
8: 13
10 2 2 100 10 0.250000 0.250000 0.250000 0.250000 0.003336s
0: 10
1: 11
2: 12
3: 7
